1 350.000000 351.166667
2 351.166667 352.333333
3 352.333333 353.500000
4 353.500000 354.666667
5 354.666667 355.833333
6 355.833333 357.000000
7 357.000000 358.166667
8 358.166667 359.333333
9 359.333333 360.500000
10 360.500000 361.666667
11 361.666667 362.833333
12 362.833333 364.000000
13 364.000000 365.166667
14 365.166667 366.333333
15 366.333333 367.500000
16 367.500000 368.666667
17 368.666667 369.833333
18 369.833333 371.000000
19 371.000000 372.166667
20 372.166667 373.333333
21 373.333333 374.500000
22 374.500000 375.666667
23 375.666667 376.833333
24 376.833333 378.000000
25 378.000000 379.166667
26 379.166667 380.333333
27 380.333333 381.500000
28 381.500000 382.666667
29 382.666667 383.833333
30 383.833333 385.000000
31 385.000000 386.166667
32 386.166667 387.333333
33 387.333333 388.500000
34 388.500000 389.666667
35 389.666667 390.833333
36 390.833333 392.000000
37 392.000000 393.166667
38 393.166667 394.333333
39 394.333333 395.500000
40 395.500000 396.666667
41 396.666667 397.833333
42 397.833333 399.000000
43 399.000000 400.166667
44 400.166667 401.333333
45 401.333333 402.500000
46 402.500000 403.666667
47 403.666667 404.833333
48 404.833333 406.000000
49 406.000000 407.166667
50 407.166667 408.333333
51 408.333333 409.500000
52 409.500000 410.666667
53 410.666667 411.833333
54 411.833333 413.000000
55 413.000000 414.166667
56 414.166667 415.333333
57 415.333333 416.500000
58 416.500000 417.666667
59 417.666667 418.833333
60 418.833333 420.000000
61 420.000000 421.166667
62 421.166667 422.333333
63 422.333333 423.500000
64 423.500000 424.666667
65 424.666667 425.833333
66 425.833333 427.000000
67 427.000000 428.166667
68 428.166667 429.333333
69 429.333333 430.500000
70 430.500000 431.666667
71 431.666667 432.833333
72 432.833333 434.000000
73 434.000000 435.166667
74 435.166667 436.333333
75 436.333333 437.500000
76 437.500000 438.666667
77 438.666667 439.833333
78 439.833333 441.000000
79 441.000000 442.166667
80 442.166667 443.333333
81 443.333333 444.500000
82 444.500000 445.666667
83 445.666667 446.833333
84 446.833333 448.000000
85 448.000000 449.166667
86 449.166667 450.333333
87 450.333333 451.500000
88 451.500000 452.666667
89 452.666667 453.833333
90 453.833333 455.000000
91 455.000000 456.166667
92 456.166667 457.333333
93 457.333333 458.500000
94 458.500000 459.666667
95 459.666667 460.833333
96 460.833333 462.000000
97 462.000000 463.166667
98 463.166667 464.333333
99 464.333333 465.500000
100 465.500000 466.666667
101 466.666667 467.833333
102 467.833333 469.000000
103 469.000000 470.166667
104 470.166667 471.333333
105 471.333333 472.500000
106 472.500000 473.666667
107 473.666667 474.833333
108 474.833333 476.000000
109 476.000000 477.166667
110 477.166667 478.333333
111 478.333333 479.500000
112 479.500000 480.666667
113 480.666667 481.833333
114 481.833333 483.000000
115 483.000000 484.166667
116 484.166667 485.333333
117 485.333333 486.500000
118 486.500000 487.666667
119 487.666667 488.833333
120 488.833333 490.000000
121 490.000000 491.166667
122 491.166667 492.333333
123 492.333333 493.500000
124 493.500000 494.666667
125 494.666667 495.833333
126 495.833333 497.000000
127 497.000000 498.166667
128 498.166667 499.333333
129 499.333333 500.500000
130 500.500000 501.666667
131 501.666667 502.833333
132 502.833333 504.000000
133 504.000000 505.166667
134 505.166667 506.333333
135 506.333333 507.500000
136 507.500000 508.666667
137 508.666667 509.833333
138 509.833333 511.000000
139 511.000000 512.166667
140 512.166667 513.333333
141 513.333333 514.500000
142 514.500000 515.666667
143 515.666667 516.833333
144 516.833333 518.000000
145 518.000000 519.166667
146 519.166667 520.333333
147 520.333333 521.500000
148 521.500000 522.666667
149 522.666667 523.833333
150 523.833333 525.000000
151 525.000000 526.166667
152 526.166667 527.333333
153 527.333333 528.500000
154 528.500000 529.666667
155 529.666667 530.833333
156 530.833333 532.000000
157 532.000000 533.166667
158 533.166667 534.333333
159 534.333333 535.500000
160 535.500000 536.666667
161 536.666667 537.833333
162 537.833333 539.000000
163 539.000000 540.166667
164 540.166667 541.333333
165 541.333333 542.500000
166 542.500000 543.666667
167 543.666667 544.833333
168 544.833333 546.000000
169 546.000000 547.166667
170 547.166667 548.333333
171 548.333333 549.500000
172 549.500000 550.666667
173 550.666667 551.833333
174 551.833333 553.000000
175 553.000000 554.166667
176 554.166667 555.333333
177 555.333333 556.500000
178 556.500000 557.666667
179 557.666667 558.833333
180 558.833333 560.000000
181 560.000000 561.166667
182 561.166667 562.333333
183 562.333333 563.500000
184 563.500000 564.666667
185 564.666667 565.833333
186 565.833333 567.000000
187 567.000000 568.166667
188 568.166667 569.333333
189 569.333333 570.500000
190 570.500000 571.666667
191 571.666667 572.833333
192 572.833333 574.000000
193 574.000000 575.166667
194 575.166667 576.333333
195 576.333333 577.500000
196 577.500000 578.666667
197 578.666667 579.833333
198 579.833333 581.000000
199 581.000000 582.166667
200 582.166667 583.333333
201 583.333333 584.500000
202 584.500000 585.666667
203 585.666667 586.833333
204 586.833333 588.000000
205 588.000000 589.166667
206 589.166667 590.333333
207 590.333333 591.500000
208 591.500000 592.666667
209 592.666667 593.833333
210 593.833333 595.000000
211 595.000000 596.166667
212 596.166667 597.333333
213 597.333333 598.500000
214 598.500000 599.666667
215 599.666667 600.833333
216 600.833333 602.000000
217 602.000000 603.166667
218 603.166667 604.333333
219 604.333333 605.500000
220 605.500000 606.666667
221 606.666667 607.833333
222 607.833333 609.000000
223 609.000000 610.166667
224 610.166667 611.333333
225 611.333333 612.500000
226 612.500000 613.666667
227 613.666667 614.833333
228 614.833333 616.000000
229 616.000000 617.166667
230 617.166667 618.333333
231 618.333333 619.500000
232 619.500000 620.666667
233 620.666667 621.833333
234 621.833333 623.000000
235 623.000000 624.166667
236 624.166667 625.333333
237 625.333333 626.500000
238 626.500000 627.666667
239 627.666667 628.833333
240 628.833333 630.000000
241 630.000000 631.166667
242 631.166667 632.333333
243 632.333333 633.500000
244 633.500000 634.666667
245 634.666667 635.833333
246 635.833333 637.000000
247 637.000000 638.166667
248 638.166667 639.333333
249 639.333333 640.500000
250 640.500000 641.666667
251 641.666667 642.833333
252 642.833333 644.000000
253 644.000000 645.166667
254 645.166667 646.333333
255 646.333333 647.500000
256 647.500000 648.666667
257 648.666667 649.833333
258 649.833333 651.000000
259 651.000000 652.166667
260 652.166667 653.333333
261 653.333333 654.500000
262 654.500000 655.666667
263 655.666667 656.833333
264 656.833333 658.000000
265 658.000000 659.166667
266 659.166667 660.333333
267 660.333333 661.500000
268 661.500000 662.666667
269 662.666667 663.833333
270 663.833333 665.000000
271 665.000000 666.166667
272 666.166667 667.333333
273 667.333333 668.500000
274 668.500000 669.666667
275 669.666667 670.833333
276 670.833333 672.000000
277 672.000000 673.166667
278 673.166667 674.333333
279 674.333333 675.500000
280 675.500000 676.666667
281 676.666667 677.833333
282 677.833333 679.000000
283 679.000000 680.166667
284 680.166667 681.333333
285 681.333333 682.500000
286 682.500000 683.666667
287 683.666667 684.833333
288 684.833333 686.000000
289 686.000000 687.166667
290 687.166667 688.333333
291 688.333333 689.500000
292 689.500000 690.666667
293 690.666667 691.833333
294 691.833333 693.000000
295 693.000000 694.166667
296 694.166667 695.333333
297 695.333333 696.500000
298 696.500000 697.666667
299 697.666667 698.833333
300 698.833333 700.000000
301 700.000000 701.166667
302 701.166667 702.333333
303 702.333333 703.500000
304 703.500000 704.666667
305 704.666667 705.833333
306 705.833333 707.000000
307 707.000000 708.166667
308 708.166667 709.333333
309 709.333333 710.500000
310 710.500000 711.666667
311 711.666667 712.833333
312 712.833333 714.000000
313 714.000000 715.166667
314 715.166667 716.333333
315 716.333333 717.500000
316 717.500000 718.666667
317 718.666667 719.833333
318 719.833333 721.000000
319 721.000000 722.166667
320 722.166667 723.333333
321 723.333333 724.500000
322 724.500000 725.666667
323 725.666667 726.833333
324 726.833333 728.000000
325 728.000000 729.166667
326 729.166667 730.333333
327 730.333333 731.500000
328 731.500000 732.666667
329 732.666667 733.833333
330 733.833333 735.000000
331 735.000000 736.166667
332 736.166667 737.333333
333 737.333333 738.500000
334 738.500000 739.666667
335 739.666667 740.833333
336 740.833333 742.000000
337 742.000000 743.166667
338 743.166667 744.333333
339 744.333333 745.500000
340 745.500000 746.666667
341 746.666667 747.833333
342 747.833333 749.000000
343 749.000000 750.166667
344 750.166667 751.333333
345 751.333333 752.500000
346 752.500000 753.666667
347 753.666667 754.833333
348 754.833333 756.000000
349 756.000000 757.166667
350 757.166667 758.333333
351 758.333333 759.500000
352 759.500000 760.666667
353 760.666667 761.833333
354 761.833333 763.000000
355 763.000000 764.166667
356 764.166667 765.333333
357 765.333333 766.500000
358 766.500000 767.666667
359 767.666667 768.833333
360 768.833333 770.000000
361 770.000000 771.166667
362 771.166667 772.333333
363 772.333333 773.500000
364 773.500000 774.666667
365 774.666667 775.833333
366 775.833333 777.000000
367 777.000000 778.166667
368 778.166667 779.333333
369 779.333333 780.500000
370 780.500000 781.666667
371 781.666667 782.833333
372 782.833333 784.000000
373 784.000000 785.166667
374 785.166667 786.333333
375 786.333333 787.500000
376 787.500000 788.666667
377 788.666667 789.833333
378 789.833333 791.000000
379 791.000000 792.166667
380 792.166667 793.333333
381 793.333333 794.500000
382 794.500000 795.666667
383 795.666667 796.833333
384 796.833333 798.000000
385 798.000000 799.166667
386 799.166667 800.333333
387 800.333333 801.500000
388 801.500000 802.666667
389 802.666667 803.833333
390 803.833333 805.000000
391 805.000000 806.166667
392 806.166667 807.333333
393 807.333333 808.500000
394 808.500000 809.666667
395 809.666667 810.833333
396 810.833333 812.000000
397 812.000000 813.166667
398 813.166667 814.333333
399 814.333333 815.500000
400 815.500000 816.666667
401 816.666667 817.833333
402 817.833333 819.000000
403 819.000000 820.166667
404 820.166667 821.333333
405 821.333333 822.500000
406 822.500000 823.666667
407 823.666667 824.833333
408 824.833333 826.000000
409 826.000000 827.166667
410 827.166667 828.333333
411 828.333333 829.500000
412 829.500000 830.666667
413 830.666667 831.833333
414 831.833333 833.000000
415 833.000000 834.166667
416 834.166667 835.333333
417 835.333333 836.500000
418 836.500000 837.666667
419 837.666667 838.833333
420 838.833333 840.000000
421 840.000000 841.166667
422 841.166667 842.333333
423 842.333333 843.500000
424 843.500000 844.666667
425 844.666667 845.833333
426 845.833333 847.000000
427 847.000000 848.166667
428 848.166667 849.333333
429 849.333333 850.500000
430 850.500000 851.666667
431 851.666667 852.833333
432 852.833333 854.000000
433 854.000000 855.166667
434 855.166667 856.333333
435 856.333333 857.500000
436 857.500000 858.666667
437 858.666667 859.833333
438 859.833333 861.000000
439 861.000000 862.166667
440 862.166667 863.333333
441 863.333333 864.500000
442 864.500000 865.666667
443 865.666667 866.833333
444 866.833333 868.000000
445 868.000000 869.166667
446 869.166667 870.333333
447 870.333333 871.500000
448 871.500000 872.666667
449 872.666667 873.833333
450 873.833333 875.000000
451 875.000000 876.166667
452 876.166667 877.333333
453 877.333333 878.500000
454 878.500000 879.666667
455 879.666667 880.833333
456 880.833333 882.000000
457 882.000000 883.166667
458 883.166667 884.333333
459 884.333333 885.500000
460 885.500000 886.666667
461 886.666667 887.833333
462 887.833333 889.000000
463 889.000000 890.166667
464 890.166667 891.333333
465 891.333333 892.500000
466 892.500000 893.666667
467 893.666667 894.833333
468 894.833333 896.000000
469 896.000000 897.166667
470 897.166667 898.333333
471 898.333333 899.500000
472 899.500000 900.666667
473 900.666667 901.833333
474 901.833333 903.000000
475 903.000000 904.166667
476 904.166667 905.333333
477 905.333333 906.500000
478 906.500000 907.666667
479 907.666667 908.833333
480 908.833333 910.000000
481 910.000000 911.166667
482 911.166667 912.333333
483 912.333333 913.500000
484 913.500000 914.666667
485 914.666667 915.833333
486 915.833333 917.000000
487 917.000000 918.166667
488 918.166667 919.333333
489 919.333333 920.500000
490 920.500000 921.666667
491 921.666667 922.833333
492 922.833333 924.000000
493 924.000000 925.166667
494 925.166667 926.333333
495 926.333333 927.500000
496 927.500000 928.666667
497 928.666667 929.833333
498 929.833333 931.000000
499 931.000000 932.166667
500 932.166667 933.333333
501 933.333333 934.500000
502 934.500000 935.666667
503 935.666667 936.833333
504 936.833333 938.000000
505 938.000000 939.166667
506 939.166667 940.333333
507 940.333333 941.500000
508 941.500000 942.666667
509 942.666667 943.833333
510 943.833333 945.000000
511 945.000000 946.166667
512 946.166667 947.333333
513 947.333333 948.500000
514 948.500000 949.666667
515 949.666667 950.833333
516 950.833333 952.000000
517 952.000000 953.166667
518 953.166667 954.333333
519 954.333333 955.500000
520 955.500000 956.666667
521 956.666667 957.833333
522 957.833333 959.000000
523 959.000000 960.166667
524 960.166667 961.333333
525 961.333333 962.500000
526 962.500000 963.666667
527 963.666667 964.833333
528 964.833333 966.000000
529 966.000000 967.166667
530 967.166667 968.333333
531 968.333333 969.500000
532 969.500000 970.666667
533 970.666667 971.833333
534 971.833333 973.000000
535 973.000000 974.166667
536 974.166667 975.333333
537 975.333333 976.500000
538 976.500000 977.666667
539 977.666667 978.833333
540 978.833333 980.000000
541 980.000000 981.166667
542 981.166667 982.333333
543 982.333333 983.500000
544 983.500000 984.666667
545 984.666667 985.833333
546 985.833333 987.000000
547 987.000000 988.166667
548 988.166667 989.333333
549 989.333333 990.500000
550 990.500000 991.666667
551 991.666667 992.833333
552 992.833333 994.000000
553 994.000000 995.166667
554 995.166667 996.333333
555 996.333333 997.500000
556 997.500000 998.666667
557 998.666667 999.833333
558 999.833333 1001.000000
559 1001.000000 1002.166667
560 1002.166667 1003.333333
561 1003.333333 1004.500000
562 1004.500000 1005.666667
563 1005.666667 1006.833333
564 1006.833333 1008.000000
565 1008.000000 1009.166667
566 1009.166667 1010.333333
567 1010.333333 1011.500000
568 1011.500000 1012.666667
569 1012.666667 1013.833333
570 1013.833333 1015.000000
571 1015.000000 1016.166667
572 1016.166667 1017.333333
573 1017.333333 1018.500000
574 1018.500000 1019.666667
575 1019.666667 1020.833333
576 1020.833333 1022.000000
577 1022.000000 1023.166667
578 1023.166667 1024.333333
579 1024.333333 1025.500000
580 1025.500000 1026.666667
581 1026.666667 1027.833333
582 1027.833333 1029.000000
583 1029.000000 1030.166667
584 1030.166667 1031.333333
585 1031.333333 1032.500000
586 1032.500000 1033.666667
587 1033.666667 1034.833333
588 1034.833333 1036.000000
589 1036.000000 1037.166667
590 1037.166667 1038.333333
591 1038.333333 1039.500000
592 1039.500000 1040.666667
593 1040.666667 1041.833333
594 1041.833333 1043.000000
595 1043.000000 1044.166667
596 1044.166667 1045.333333
597 1045.333333 1046.500000
598 1046.500000 1047.666667
599 1047.666667 1048.833333
600 1048.833333 1050.000000
