355.000000
358.933333
362.866667
366.800000
370.733333
374.666667
378.600000
382.533333
386.466667
390.400000
394.333333
398.266667
402.200000
406.133333
410.066667
414.000000
417.933333
421.866667
425.800000
429.733333
433.666667
437.600000
441.533333
445.466667
449.400000
453.333333
457.266667
461.200000
465.133333
469.066667
473.000000
476.933333
480.866667
484.800000
488.733333
492.666667
496.600000
500.533333
504.466667
508.400000
512.333333
516.266667
520.200000
524.133333
528.066667
532.000000
535.933333
539.866667
543.800000
547.733333
551.666667
555.600000
559.533333
563.466667
567.400000
571.333333
575.266667
579.200000
583.133333
587.066667
591.000000
594.933333
598.866667
602.800000
606.733333
610.666667
614.600000
618.533333
622.466667
626.400000
630.333333
634.266667
638.200000
642.133333
646.066667
650.000000
653.933333
657.866667
661.800000
665.733333
669.666667
673.600000
677.533333
681.466667
685.400000
689.333333
693.266667
697.200000
701.133333
705.066667
709.000000
712.933333
716.866667
720.800000
724.733333
728.666667
732.600000
736.533333
740.466667
744.400000
748.333333
752.266667
756.200000
760.133333
764.066667
768.000000
771.933333
775.866667
779.800000
783.733333
787.666667
791.600000
795.533333
799.466667
803.400000
807.333333
811.266667
815.200000
819.133333
823.066667
827.000000
830.933333
834.866667
838.800000
842.733333
846.666667
850.600000
854.533333
858.466667
862.400000
866.333333
870.266667
874.200000
878.133333
882.066667
886.000000
889.933333
893.866667
897.800000
901.733333
905.666667
909.600000
913.533333
917.466667
921.400000
925.333333
929.266667
933.200000
937.133333
941.066667
945.000000
